TitleText: Sort Algorithm Analysis
XUnitText: Problem Size
YUnitText: Time taken in sec
5000 49934.843
8000 17245.66
11000 28168.33
14000 29856.07
17000 20374.83
20000 5859.103
23000 8006.066
26000 7793.124
29000 9927.642
32000 10808.43
35000 10693.637
38000 13000.759
41000 13709.209
44000 14734.967
47000 15726.61
50000 17208.782
53000 19056.088
56000 19025.504
59000 20322.942
62000 22339.595
65000 21870.415
68000 24186.846
71000 24163.773
74000 26366.931
77000 27416.76
80000 33127.458
83000 30292.535
86000 30462.014
89000 31615.138
92000 32354.258
95000 33958.347
98000 35886.131
101000 51911.34
104000 41669.911
107000 37417.193
110000 38354.577
113000 39639.805
116000 41732.258
119000 41537.591
122000 44341.874
125000 45028.515
128000 46443.993
131000 44762.756
134000 49125.774
137000 48160.618
140000 50582.882
143000 52502.578
146000 53932.572
149000 53542.725
152000 60676.97
155000 58336.166
158000 58214.069
161000 58968.377
164000 60356.134
167000 61853.132
170000 74000.038
173000 63755.174
176000 64851.872
179000 66208.82
182000 68585.016
185000 69835.478
188000 70224.262
191000 70964.877
194000 71905.048
197000 73519.771
200000 74398.101
203000 96788.196
206000 78661.439
209000 78204.046
212000 80922.006
215000 81035.815
218000 83646.584
221000 82598.856
224000 85258.936
227000 96436.666
230000 87130.579
233000 88932.3
236000 87849.254
239000 90617.959
242000 91016.87
245000 92711.686
248000 92071.683
251000 106294.205
254000 95179.4
257000 97803.45
260000 97480.939
263000 99176.235
266000 100577.344
269000 102198.47
272000 116400.0
275000 104206.214
278000 105270.794
281000 108797.563
284000 108371.32
287000 110279.736
290000 122481.984
293000 111602.232
296000 113230.478
299000 113702.712
302000 118077.125
305000 128057.338
308000 117814.631
311000 119254.362
314000 120080.838
317000 122290.952
320000 134833.379
323000 123044.793
326000 125457.621
329000 125897.796
332000 125907.583
335000 140849.988
338000 131071.937
341000 133098.98
344000 132518.863
347000 144261.833
350000 134612.689
353000 136450.679
356000 137222.09
359000 138230.098
362000 151877.081
365000 140827.515
368000 140671.073
371000 144681.447
374000 159032.343
377000 146349.739
380000 147589.472
383000 148739.366
386000 164771.621
389000 149658.916
392000 152202.61
395000 153624.691
398000 169029.539
401000 156716.003
404000 158583.759
407000 172787.725
410000 163330.356
413000 162095.812
416000 166334.953
419000 179540.617
422000 166697.303
425000 166768.285
428000 184034.094
431000 171576.762
434000 170791.629
437000 187522.963
440000 174282.092
443000 174605.104
446000 189577.331
449000 177678.851
452000 179124.468
455000 192510.54
458000 180721.623
461000 181575.14
464000 196840.847
467000 183883.945
470000 186090.413
473000 201061.827
476000 187831.596
479000 189421.41
482000 203541.088
485000 192594.738
488000 194590.248
491000 208614.493
494000 195749.463
497000 198106.632
500000 213462.956
503000 199836.93
506000 200577.285
509000 218116.264
512000 202536.489
515000 216332.042
518000 204337.823
521000 206267.361
524000 218693.342
527000 209868.615
530000 225112.382
533000 212152.236
536000 214302.303
539000 229365.245
542000 216867.847
545000 232083.431
548000 221162.595
551000 220169.203
554000 237280.035
557000 223104.758
560000 239521.404
563000 225923.678
566000 243823.308
569000 231133.388
572000 244567.703
575000 231362.691
578000 234359.716
581000 247732.778
584000 237183.789
587000 250596.074
590000 238105.67
593000 253551.84
596000 242476.664
599000 257873.133
602000 244947.151
605000 260134.848
608000 248046.303
611000 262395.476
614000 250093.029
617000 263902.09
620000 251593.944
623000 270022.205
626000 255955.678
629000 270170.579
632000 257063.287
635000 274781.085
638000 258094.94
641000 274809.177
644000 263396.223
647000 280678.961
650000 265579.763
653000 278981.94
656000 265116.594
659000 285318.025
662000 269538.734
665000 286349.553
668000 274710.2
671000 291739.095
674000 278606.257
677000 292596.217
680000 282304.058
683000 296592.396
686000 280886.93
689000 299202.93
692000 284383.294
695000 300377.177
698000 285603.303
701000 304355.041
704000 287585.867
707000 307036.345
710000 290444.33
713000 308059.289
716000 292594.963
719000 309523.557
722000 294490.272
725000 312058.617
728000 300155.134
731000 316515.043
734000 302167.019
737000 319590.585
740000 306164.673
743000 324508.044
746000 307762.766
749000 325989.148
752000 311274.217
755000 329132.483
758000 312949.768
761000 327083.575
764000 315908.543
767000 333933.304
770000 332310.744
773000 319140.744
776000 334602.667
779000 336711.645
782000 322333.193
785000 337532.687
788000 322758.352
791000 342041.007
794000 327080.081
797000 346483.553
800000 347847.655
803000 332485.893
806000 350466.562
809000 352957.806
812000 338990.207
815000 355835.456
818000 354296.176
821000 342535.893
824000 359058.707
827000 345456.944
830000 366731.152
833000 363819.759
836000 345724.984
839000 365445.567
842000 370356.979
845000 351919.915
848000 368422.648
851000 368634.037
854000 355679.195
857000 373672.123
860000 376721.343
863000 362011.279
866000 380099.836
869000 378319.746
872000 361931.028
875000 379241.747
878000 365171.707
881000 380494.135
884000 365619.086
887000 381892.998
890000 368981.952
893000 385230.719
896000 394271.387
899000 377431.107
902000 397808.755
905000 396139.025
908000 380816.746
911000 400460.823
914000 398214.491
917000 381527.574
920000 399533.147
923000 404905.236
926000 388755.136
929000 407214.757
932000 406352.447
935000 388877.363
938000 412532.226
941000 411543.049
944000 393576.188
947000 415968.243
950000 414626.979
953000 400229.766
956000 420387.18
959000 419154.647
962000 404831.146
965000 424758.862
968000 423369.736
971000 406755.204
974000 424730.889
977000 425601.303
980000 405075.521
983000 427115.358
986000 431000.597
989000 412064.554
992000 431907.621
995000 433419.836
998000 418214.315
1001000 439506.122
1004000 437358.678
1007000 421951.239
1010000 443108.63
1013000 440741.008
1016000 425026.069
1019000 447351.541
1022000 445754.496
1025000 428597.276
1028000 448357.298
1031000 443668.746
1034000 431199.741
1037000 444899.64
1040000 448620.384
1043000 434846.732
1046000 456100.393
1049000 452733.05
1052000 438658.296
1055000 453728.464
1058000 460678.063
1061000 444658.539
1064000 465990.091
1067000 465046.601
1070000 465642.792
1073000 450705.733
1076000 474445.789
1079000 471099.796
1082000 473558.509
1085000 481101.939
1088000 458502.145
1091000 482418.89
1094000 479077.208
1097000 480319.679
1100000 482359.285
1103000 465716.587
1106000 480074.647
1109000 483591.699
1112000 467358.605
1115000 487225.658
1118000 489504.615
1121000 473383.978
1124000 486038.791
1127000 494715.369
1130000 494002.911
1133000 477930.347
1136000 498146.483
1139000 500971.178
1142000 501078.038
1145000 483233.119
1148000 508717.492
1151000 505595.798
1154000 506952.599
1157000 507541.26
1160000 490399.663
1163000 510990.85
1166000 510334.306
1169000 515283.308
1172000 514751.344
1175000 496282.446
1178000 513305.872
1181000 517643.429
1184000 520349.626
1187000 524023.065
1190000 521166.833
1193000 524955.409
1196000 525713.342
1199000 528857.494
1202000 529734.42
1205000 530305.202
1208000 533914.563
1211000 535267.874
1214000 535525.411
1217000 516972.346
1220000 532104.87
1223000 537298.06
1226000 538208.55
1229000 539512.917
1232000 540669.314
1235000 542448.066
1238000 542896.885
1241000 543078.632
1244000 542113.632
1247000 545779.781
1250000 547449.201
1253000 547828.503
1256000 550651.829
1259000 552366.113
1262000 553301.53
1265000 554957.437
1268000 556660.36
1271000 558498.109
1274000 558651.563
1277000 559864.878
1280000 563540.889
1283000 561830.401
1286000 565533.696
1289000 566175.253
1292000 566138.221
1295000 568788.844
1298000 568878.332
1301000 567677.947
1304000 570550.293
1307000 571012.384
1310000 568709.089
1313000 572548.917
1316000 576448.098
1319000 576341.238
1322000 579540.452
1325000 581633.998
1328000 577319.791
1331000 583406.558
1334000 586019.517
1337000 587878.019
1340000 589676.044
1343000 590884.411
1346000 591499.775
1349000 594082.778
1352000 593854.111
1355000 597560.616
1358000 598704.384
1361000 601178.034
1364000 601291.824
1367000 602918.149
1370000 604197.341
1373000 602122.547
1376000 603206.415
1379000 604908.199
1382000 608218.62
1385000 611340.4
1388000 622510.183
1391000 613945.103
1394000 614289.849
1397000 614711.529
1400000 618578.036
1403000 618923.61
1406000 619392.254
1409000 615092.27
1412000 623592.922
1415000 624239.467
1418000 626959.142
1421000 627679.993
1424000 634436.479
1427000 631475.548
1430000 630418.78
1433000 629554.068
1436000 633684.969
1439000 632770.348
1442000 633222.908
1445000 636949.313
1448000 638277.009
1451000 639387.972
1454000 639982.393
1457000 641957.702
1460000 645283.245
1463000 644356.621
1466000 647636.809
1469000 647898.09
1472000 648705.625
1475000 652661.363
1478000 654532.404
1481000 661894.257
1484000 659284.992
1487000 660947.422
1490000 659905.13
1493000 662315.991
1496000 663229.419
1499000 662572.054
